   A        R        N        D        C        Q        E        G        H        I        L        K        M        F        P        S        T        W        Y        V
A 1.36e-02 2.26e-03 1.37e-03 1.49e-03 1.89e-03 2.02e-03 2.07e-03 3.40e-03 1.03e-03 2.40e-03 2.45e-03 2.15e-03 2.07e-03 1.43e-03 2.04e-03 4.41e-03 3.11e-03 3.89e-04 1.14e-03 3.32e-03
R 2.26e-03 1.69e-02 2.57e-03 1.39e-03 6.23e-04 3.78e-03 2.74e-03 1.59e-03 1.93e-03 1.12e-03 1.62e-03 5.68e-03 1.94e-03 9.46e-04 1.35e-03 2.06e-03 2.06e-03 3.64e-04 1.07e-03 1.10e-03
N 1.37e-03 2.57e-03 1.77e-02 3.39e-03 5.37e-04 2.30e-03 2.36e-03 2.74e-03 2.35e-03 9.67e-04 9.86e-04 2.45e-03 1.18e-03 8.14e-04 1.16e-03 3.55e-03 2.51e-03 2.21e-04 9.21e-04 9.46e-04
D 1.49e-03 1.39e-03 3.39e-03 2.07e-02 5.81e-04 2.49e-03 5.11e-03 2.10e-03 1.27e-03 1.05e-03 7.55e-04 1.87e-03 9.04e-04 8.81e-04 1.78e-03 2.71e-03 1.92e-03 2.40e-04 7.05e-04 1.02e-03
C 1.89e-03 6.23e-04 5.37e-04 5.81e-04 2.36e-02 5.59e-04 4.05e-04 6.65e-04 4.03e-04 1.33e-03 1.35e-03 5.93e-04 1.15e-03 7.90e-04 5.64e-04 1.22e-03 1.22e-03 3.04e-04 6.32e-04 1.30e-03
Q 2.02e-03 3.78e-03 2.30e-03 2.49e-03 5.59e-04 1.36e-02 4.92e-03 1.43e-03 1.73e-03 1.01e-03 1.45e-03 3.60e-03 2.46e-03 8.48e-04 1.71e-03 2.61e-03 1.85e-03 4.61e-04 1.36e-03 1.39e-03
E 2.07e-03 2.74e-03 2.36e-03 5.11e-03 4.05e-04 4.92e-03 1.43e-02 1.46e-03 1.77e-03 1.03e-03 1.05e-03 3.69e-03 1.26e-03 8.69e-04 1.76e-03 2.68e-03 1.89e-03 3.34e-04 9.83e-04 1.43e-03
G 3.40e-03 1.59e-03 2.74e-03 2.10e-03 6.65e-04 1.43e-03 1.46e-03 2.71e-02 1.03e-03 8.47e-04 8.64e-04 1.51e-03 1.03e-03 1.01e-03 1.44e-03 3.11e-03 1.55e-03 5.49e-04 8.07e-04 1.17e-03
H 1.03e-03 1.93e-03 2.35e-03 1.27e-03 4.03e-04 1.73e-03 1.77e-03 1.03e-03 1.99e-02 7.26e-04 7.40e-04 1.30e-03 8.87e-04 1.22e-03 8.73e-04 1.33e-03 9.41e-04 3.32e-04 2.77e-03 7.10e-04
I 2.40e-03 1.12e-03 9.67e-04 1.05e-03 1.33e-03 1.01e-03 1.03e-03 8.47e-04 7.26e-04 1.35e-02 6.90e-03 1.07e-03 4.13e-03 2.85e-03 1.02e-03 1.55e-03 2.19e-03 3.87e-04 1.61e-03 9.36e-03
L 2.45e-03 1.62e-03 9.86e-04 7.55e-04 1.35e-03 1.45e-03 1.05e-03 8.64e-04 7.40e-04 6.90e-03 1.41e-02 1.54e-03 5.96e-03 2.90e-03 1.04e-03 1.58e-03 2.24e-03 5.58e-04 1.64e-03 4.77e-03
K 2.15e-03 5.68e-03 2.45e-03 1.87e-03 5.93e-04 3.60e-03 3.69e-03 1.51e-03 1.30e-03 1.07e-03 1.54e-03 1.53e-02 1.85e-03 9.00e-04 1.82e-03 2.77e-03 1.96e-03 3.46e-04 1.02e-03 1.48e-03
M 2.07e-03 1.94e-03 1.18e-03 9.04e-04 1.15e-03 2.46e-03 1.26e-03 1.03e-03 8.87e-04 4.13e-03 5.96e-03 1.85e-03 1.43e-02 2.46e-03 1.24e-03 1.89e-03 1.89e-03 6.69e-04 1.39e-03 4.04e-03
F 1.43e-03 9.46e-04 8.14e-04 8.81e-04 7.90e-04 8.48e-04 8.69e-04 1.01e-03 1.22e-03 2.85e-03 2.90e-03 9.00e-04 2.46e-03 1.92e-02 6.05e-04 1.31e-03 1.31e-03 1.30e-03 5.42e-03 1.97e-03
P 2.04e-03 1.35e-03 1.16e-03 1.78e-03 5.64e-04 1.71e-03 1.76e-03 1.44e-03 8.73e-04 1.02e-03 1.04e-03 1.82e-03 1.24e-03 6.05e-04 2.77e-02 1.86e-03 1.86e-03 2.33e-04 6.85e-04 1.41e-03
S 4.41e-03 2.06e-03 3.55e-03 2.71e-03 1.22e-03 2.61e-03 2.68e-03 3.11e-03 1.33e-03 1.55e-03 1.58e-03 2.77e-03 1.89e-03 1.31e-03 1.86e-03 1.14e-02 4.02e-03 3.55e-04 1.04e-03 1.52e-03
T 3.11e-03 2.06e-03 2.51e-03 1.92e-03 1.22e-03 1.85e-03 1.89e-03 1.55e-03 9.41e-04 2.19e-03 2.24e-03 1.96e-03 1.89e-03 1.31e-03 1.86e-03 4.02e-03 1.61e-02 5.02e-04 1.04e-03 3.03e-03
W 3.89e-04 3.64e-04 2.21e-04 2.40e-04 3.04e-04 4.61e-04 3.34e-04 5.49e-04 3.32e-04 3.87e-04 5.58e-04 3.46e-04 6.69e-04 1.30e-03 2.33e-04 3.55e-04 5.02e-04 1.60e-02 1.47e-03 3.79e-04
Y 1.14e-03 1.07e-03 9.21e-04 7.05e-04 6.32e-04 1.36e-03 9.83e-04 8.07e-04 2.77e-03 1.61e-03 1.64e-03 1.02e-03 1.39e-03 5.42e-03 6.85e-04 1.04e-03 1.04e-03 1.47e-03 1.74e-02 1.58e-03
V 3.32e-03 1.10e-03 9.46e-04 1.02e-03 1.30e-03 1.39e-03 1.43e-03 1.17e-03 7.10e-04 9.36e-03 4.77e-03 1.48e-03 4.04e-03 1.97e-03 1.41e-03 1.52e-03 3.03e-03 3.79e-04 1.58e-03 1.30e-02
